1 71740 Mcnear 930943
1 78243 Aller 956657
1 1889 Hricko 992921
1 17516 Santoro 941652
1 37152 Kloepper 941073
1 28335 Blindt 970110
1 61925 Leconte 912059
1 13035 Guevin 956686
1 86019 Judge 966760
1 7685 Dressman 932472
1 57810 Stele 910297
1 49510 Buntyn 957210
1 57343 Harrop 925671
1 39400 Lockmiller 999629
1 81923 Gwendolyn 982727
1 85429 Harrod 950062
1 23828 Emanuel 930272
1 85722 Binn 963208
1 49880 Conkey 972934
1 48024 Rosek 960966
1 19372 Spires 961663
1 87087 Bastian 945320
1 42953 Stremel 920208
1 14893 Caveney 914481
1 69751 Palomares 989135
1 42791 Motta 980848
1 49446 Levier 926524
1 20341 Ruwe 914717
1 58653 Daddona 962080
1 95624 Petter 942113
1 80675 Harkrider 953517
1 33741 Tobert 962910
1 95702 Bluming 951270
1 37442 Ariyoshi 978150
1 10198 Mancos 991319
1 80683 Gainforth 996047
1 77029 Dunham 998731
1 11353 Purwin 972429
1 32070 Astwood 932473
1 69049 Hinkes 947620
1 38370 Krupinski 995508
1 94314 Graeff 927335
1 11167 Abousaleh 952317
1 66810 Tepe 937922
1 96698 Millers 933443
1 73605 Yolonda 980895
1 47316 Carreno 948213
1 55389 Fronek 975543
1 21471 Boldrin 910993
1 53879 Urquidi 965025
1 16310 Jen 957809
1 66274 Reil 937402
1 24228 Muston 963920
1 4892 Arendsee 976769
1 43007 Trim 919308
1 98909 Marguez 988925
1 62964 Dosal 925359
1 52964 Slaymaker 955020
1 37940 Tutoky 960396
1 55381 Wolaver 974082
1 4961 Goyda 970687
1 86689 Lavina 916741
1 20590 Elzinga 995122
1 90901 Gloshen 981076
1 69179 Hollyfield 934023
1 72765 Brentano 960338
1 6260 Brandy 937556
1 71671 Kingham 962926
1 58993 Lout 993355
1 34797 Pereiro 944978
1 70913 Tingwald 999633
1 88995 Gobeille 991930
1 37414 Ficorilli 991797
1 33497 Kuklinski 978351
1 63413 Fringuello 944064
1 18460 Fiebig 919407
1 37137 Floe 933170
1 56186 Stall 958210
1 54634 Callarman 930575